# id	left	top	right	bottom	texture_id
[SPRITES]
#####red-ish#####
   ##top row##
	#left side
70000	52	1	67	16	30
	#middle
70010	69	1	84	16	30
	#right side
70090	86	1	101	16	30
   ##mid rows##
70100	52	18	67	33	30
70110	69	18	84	33	30
70190	86	18	101	33	30
   ##bottom row##
70900	52	35	67	50	30
70910	69	35	84	50	30
70990	86	35	101	50	30

#####blue-ish#####
71000	103	1	118	16	30
71010	120	1	135	16	30
71090	137	1	152	16	30

71100	103	18	118	33	30
71110	120	18	135	33	30
71190	137	18	152	33	30

71900	103	35	118	50	30
71910	120	35	135	50	30
71990	137	35	152	50	30

#####green-ish#####
72000	154	1	169	16	30
72010	171	1	186	16	30
72090	188	1	203	16	30

72100	154	18	169	33	30
72110	171	18	186	33	30
72190	188	18	203	33	30

72900	154	35	169	50	30
72910	171	35	186	50	30
72990	188	35	203	50	30

#####white (POWAH)#####
73000	205	1	220	16	30
73010	222	1	237	16	30
73090	239	1	254	16	30

73100	205	18	220	33	30
73110	222	18	237	33	30
73190	239	18	254	33	30

73900	205	35	220	50	30
73910	222	35	237	50	30
73990	239	35	254	50	30

# ani_id	sprite1_id	time1	sprite2_id	time2	...
[ANIMATIONS]
17000	70000	1000
17001	70010	1000
17009	70090	1000

17010	70100	1000
17011	70110	1000
17019	70190	1000

17090	70900	1000
17091	70910	1000
17099	70990	1000

###

17100	71000	1000
17101	71010	1000
17109	71090	1000

17110	71100	1000
17111	71110	1000
17119	71190	1000

17190	71900	1000
17191	71910	1000
17199	71990	1000

###

17200	72000	1000
17201	72010	1000
17209	72090	1000

17210	72100	1000
17211	72110	1000
17219	72190	1000

17290	72900	1000
17291	72910	1000
17299	72990	1000

###

17300	73000	1000
17301	73010	1000
17309	73090	1000

17310	73100	1000
17311	73110	1000
17319	73190	1000

17390	73900	1000
17391	73910	1000
17399	73990	1000