# list of object assets to load in this scene
[ASSETS]
mario.txt
brick.txt
coin.txt
goomba.txt
cloud.txt
ground.txt
#
[OBJECTS]
# type	x	y	extra_settings per object type
# type: 0 = Mario , 1 = Brick, 2 = Goomba, 3 = Koopas
# See OBJECT_TYPE constants in AssetIDs.h

# MARIO
0	1994	280

#BRICKs	x	y	ID_ANI
1	1514	320	10100
1	1530	320	10100

1	1578	384	10100
1	1594	384	10100
1	1610	384	10100
1	1594	368	10100
1	1610	368	10100
1	1610	352	10100

1	1674	384	10100
1	1690	384	10100
1	1706	384	10100
1	1674	368	10100
1	1690	368	10100
1	1674	352	10100

1	2106	384	10001
1	2122	384	10001
1	2106	368	10001

1	2266	352	10100
1	2282	352	10100
1	2266	288	10100
1	2282	288	10100
#Platform
5	10	400	16	16	39	61000	62000	63000

5	634	384	16	16	29	61000	62000	63000
5	634	400	16	16	29	61500	62500	63500

5	1162	400	16	16	22	61000	62000	63000

5	1546	400	16	16	5	61000	62000	63000

5	1674	400	16	16	36	61000	62000	63000
5	1962	384	16	16	7	20002	20002	20002
5	1978	368	16	16	5	20002	20002	20002
5	1994	352	16	16	4	20002	20002	20002

5	2266	400	16	16	40	61000	62000	63000

